2476 17029 1.000
15469 16447 0.966
12353 15062 0.952
7369 16320 0.944
10664 15225 0.938
643 17616 0.936
9911 13515 0.926
5711 16121 0.917
11574 12353 0.909
9451 11343 0.909
9270 14280 0.909
4459 6299 0.909
2571 3482 0.909
771 10153 0.909
949 9270 0.905
1378 5762 0.904
8647 16643 0.903
1507 16643 0.903
3373 10153 0.900
11033 15580 0.893
225 5332 0.893
2640 12129 0.891
12044 15689 0.889
9227 12981 0.889
3473 10583 0.889
3342 10530 0.889
260 17452 0.889
9780 13766 0.885
3409 3609 0.885
6150 15535 0.883
13937 14356 0.881
5252 15073 0.881
4958 13696 0.881
9793 16191 0.880
6801 8800 0.879
5606 9323 0.879
11782 14521 0.878
4823 10817 0.878
1327 7687 0.876
381 13385 0.876
13699 16659 0.875
9802 13317 0.875
9301 12232 0.875
3351 12439 0.875
3957 12506 0.873
1671 4487 0.873
15535 16369 0.872
7236 7863 0.872
8504 8508 0.871
4958 16859 0.871
11574 15062 0.870
11130 17926 0.870
6696 15134 0.870
3482 13900 0.870
3373 6696 0.870
17481 17926 0.868
4879 15904 0.868
10107 16337 0.867
9403 11699 0.867
1402 16064 0.867
9301 16676 0.863
1411 7155 0.863
15083 16859 0.862
5511 6332 0.862
11150 15643 0.861
2167 13094 0.861
1173 9258 0.861
15286 17940 0.860
14588 17944 0.860
169 381 0.860
16369 17180 0.857
15073 15869 0.857
12199 17093 0.857
11680 13417 0.857
10445 11699 0.857
9793 13385 0.857
9751 12232 0.857
8272 13571 0.857
7522 12112 0.857
7236 10153 0.857
6696 7508 0.857
5358 15535 0.857
4958 15083 0.857
4879 16320 0.857
4879 13833 0.857
4225 17422 0.857
559 13168 0.857
2885 12669 0.855
9396 10591 0.854
10051 13803 0.853
6285 11106 0.853
5387 6150 0.853
851 5497 0.853
13696 16859 0.852
7485 8686 0.852
3904 17982 0.852
3400 7414 0.852
3026 3453 0.852
1402 8036 0.852
1125 17272 0.852
13681 14051 0.851
11375 17060 0.851
10502 11580 0.851
9258 9930 0.851
7287 7911 0.851
7182 7687 0.851
6696 10810 0.851
372 6691 0.851
169 11262 0.851
10625 12680 0.850
2193 14708 0.850
1330 4735 0.850
381 16191 0.850
11700 15869 0.849
6016 17422 0.849
5718 15918 0.849
260 6997 0.849
15469 15894 0.848
11191 16443 0.848
9164 17974 0.848
4771 15469 0.848
3409 7406 0.848
314 3399 0.848
11907 12410 0.847
6753 11910 0.847
5252 15853 0.847
4705 9218 0.847
1841 5063 0.847
381 9793 0.847
10664 16121 0.846
9451 11338 0.846
9270 14161 0.846
9270 12044 0.846
6743 12382 0.846
4537 10955 0.846
4020 17039 0.846
3473 6064 0.846
3409 9451 0.846
2601 16121 0.846
771 16121 0.846
163 8385 0.846
14507 16859 0.845
11002 11362 0.845
9451 14280 0.844
6942 16849 0.844
5367 6578 0.844
3026 5122 0.844
1320 13696 0.844
602 13572 0.844
3351 11656 0.843
1144 10316 0.843
381 6150 0.843
16121 16517 0.842
10375 16598 0.842
9365 10620 0.842
7915 16040 0.842
7045 17877 0.842
6404 15952 0.842
5387 15535 0.842
5358 10658 0.842
5174 9566 0.842
4784 10570 0.842
4742 8689 0.842
3703 16005 0.842
3596 16320 0.842
3596 7369 0.842
490 15083 0.842
27 3017 0.842
15971 16040 0.841
8459 12118 0.841
3386 9396 0.841
1925 8508 0.841
12551 17039 0.840
8291 17364 0.840
7753 15073 0.840
7639 15273 0.840
6570 16729 0.840
6057 15239 0.840
4031 5648 0.840
2115 9451 0.840
516 2883 0.840
16659 17571 0.839
11670 16320 0.839
9780 9849 0.839
7641 15436 0.839
3446 10848 0.839
2115 7340 0.839
38 12484 0.839
15182 16142 0.838
14361 17196 0.838
13141 15783 0.838
8459 17591 0.838
7340 14361 0.838
2357 7451 0.838
181 3426 0.838
169 8686 0.838
11343 14280 0.837
9708 17500 0.837
9537 17082 0.837
9270 11343 0.837
7968 17393 0.837
5352 14507 0.837
381 5076 0.837
31 14851 0.837
13696 15083 0.836
10974 14058 0.836
5276 7308 0.836
4925 15984 0.836
4879 11208 0.836
3843 6611 0.836
3204 7045 0.836
1378 7462 0.836
1320 16859 0.836
13385 16191 0.835
8331 9097 0.835
5762 8660 0.835
4251 6502 0.835
3017 4376 0.835
381 11262 0.835
137 13467 0.835
14280 17039 0.833
14104 17656 0.833
14062 17051 0.833
12977 13821 0.833
12044 14161 0.833
10993 13833 0.833
10230 14049 0.833
8230 10440 0.833
7876 17029 0.833
7179 13833 0.833
6769 12881 0.833
6595 15669 0.833
6519 17553 0.833
6150 12746 0.833
6121 17357 0.833
6091 6477 0.833
5652 6477 0.833
5078 14455 0.833
4857 9077 0.833
4487 6150 0.833
4148 15837 0.833
3482 15780 0.833
3287 6477 0.833
2811 12439 0.833
2476 7876 0.833
1560 7876 0.833
1327 2051 0.833
710 17142 0.833
710 13440 0.833
463 4580 0.833
436 11043 0.833
381 16369 0.833
323 3001 0.833
271 15357 0.833
3955 8452 0.832
381 15793 0.832
11195 16362 0.831
6150 16369 0.831
4487 5937 0.831
2937 17368 0.831
2113 15233 0.831
1320 4958 0.831
347 14929 0.831
11781 14511 0.830
8259 14691 0.830
4811 5975 0.830
3225 13949 0.830
2029 7803 0.830
415 7223 0.830
345 4281 0.830
10468 16983 0.829
8697 11424 0.829
6801 15952 0.829
4803 11130 0.829
4742 6016 0.829
4194 17060 0.829
3342 10069 0.829
2029 8252 0.829
949 11343 0.829
160 12901 0.829
12094 12237 0.828
8230 13894 0.828
7975 16064 0.828
7409 7968 0.828
6410 6691 0.828
5076 11262 0.828
4489 8895 0.828
1297 15853 0.828
227 2355 0.828
5466 15119 0.827
5387 12660 0.827
1173 5497 0.827
1072 10794 0.827
543 9793 0.827
13613 16675 0.826
12232 14650 0.826
11693 14280 0.826
9744 14680 0.826
9382 10030 0.826
8193 9521 0.826
5645 9327 0.826
4548 10384 0.826
4225 7409 0.826
3596 16676 0.826
949 7318 0.826
11215 11234 0.825
10658 12508 0.825
8508 17623 0.825
8331 15239 0.825
7485 16191 0.825
7399 14482 0.825
5252 8697 0.825
4599 6801 0.825
3609 14178 0.825
2960 11823 0.825
2509 16124 0.825
1841 8337 0.825
559 7406 0.825
17039 17450 0.824
15894 16447 0.824
15046 15431 0.824
13163 15869 0.824
13082 17981 0.824
12746 15535 0.824
11128 12232 0.824
10621 12675 0.824
10530 17051 0.824
10530 14062 0.824
10123 11287 0.824
8686 16191 0.824
7346 16447 0.824
7042 17029 0.824
6305 9654 0.824
5924 17118 0.824
5924 8736 0.824
4944 13671 0.824
4944 12400 0.824
4771 16447 0.824
4584 10570 0.824
4225 14662 0.824
2476 7042 0.824
2372 13680 0.824
1507 8647 0.824
1379 11699 0.824
771 9751 0.824
659 6575 0.824
9491 10872 0.822
8800 11873 0.822
8686 9793 0.822
7261 14052 0.822
5744 8686 0.822
5696 10316 0.822
4592 12462 0.822
4487 15535 0.822
4251 8948 0.822
2624 12534 0.822
14272 15150 0.821
7159 10200 0.821
6244 14721 0.821
6041 17823 0.821
5252 7960 0.821
3682 5819 0.821
3596 9751 0.821
3284 8998 0.821
2981 5797 0.821
2233 10051 0.821
1663 10674 0.821
1411 14673 0.821
1056 16479 0.821
949 12653 0.821
169 1173 0.821
139 14217 0.821
11070 14793 0.820
10440 14012 0.820
8331 9276 0.820
5252 8508 0.820
2849 14866 0.820
2104 6400 0.820
1684 7574 0.820
1327 14310 0.820
1320 15083 0.820
965 11489 0.820
965 8233 0.820
7968 12459 0.819
5387 12746 0.819
4225 7968 0.819
3236 10259 0.819
1322 15099 0.819
543 8039 0.819
14778 16241 0.818
14196 15024 0.818
13317 13435 0.818
9985 14650 0.818
9985 12232 0.818
9984 10621 0.818
9301 9751 0.818
9247 11827 0.818
7488 10454 0.818
7369 16676 0.818
6016 13879 0.818
5937 16191 0.818
4641 6320 0.818
4207 14361 0.818
3682 11518 0.818
2864 14305 0.818
2756 17875 0.818
2754 16789 0.818
2707 4613 0.818
1880 15185 0.818
1327 8691 0.818
1320 14470 0.818
949 1607 0.818
739 11670 0.818
559 14420 0.818
302 7708 0.818
16009 16031 0.817
15689 17701 0.817
11320 13867 0.817
9372 15453 0.817
9142 13540 0.817
8916 13348 0.817
6459 11675 0.817
5062 7628 0.817
4487 5387 0.817
3609 4584 0.817
2051 7687 0.817
1322 4487 0.817
1282 6728 0.817
345 7328 0.817
13309 13856 0.816
12834 15239 0.816
9451 15083 0.816
9331 17940 0.816
8655 15971 0.816
7975 10993 0.816
7915 16369 0.816
7574 13613 0.816
7123 12439 0.816
7045 14280 0.816
6833 7273 0.816
5430 6332 0.816
5387 10995 0.816
5387 5485 0.816
4742 6487 0.816
4442 17661 0.816
4281 14762 0.816
3342 3409 0.816
3092 7071 0.816
1245 5078 0.816
949 11699 0.816
496 8840 0.816
16652 17060 0.815
14280 16859 0.815
14239 14820 0.815
13833 15904 0.815
11670 16438 0.815
11670 16200 0.815
11670 15469 0.815
10709 17979 0.815
9475 14746 0.815
8337 12673 0.815
6463 14134 0.815
5937 9451 0.815
4200 12732 0.815
3609 14280 0.815
3524 10810 0.815
2519 4772 0.815
2296 11150 0.815
1545 9557 0.815
1402 7975 0.815
1322 3545 0.815
734 9276 0.815
379 2970 0.815
225 7725 0.815
169 9793 0.815
169 5744 0.815
21 8193 0.815
12021 14430 0.814
11699 12044 0.814
11208 17681 0.814
10161 14962 0.814
10124 10792 0.814
9218 14012 0.814
8697 17039 0.814
8477 13681 0.814
8039 13596 0.814
7639 12302 0.814
7574 7980 0.814
7071 10928 0.814
6150 10259 0.814
5924 9218 0.814
4958 16498 0.814
4714 5188 0.814
4101 10977 0.814
3322 17450 0.814
3263 14321 0.814
2811 9744 0.814
2583 5632 0.814
1396 2840 0.814
1379 13044 0.814
346 2351 0.814
245 13696 0.814
169 9716 0.814
12464 15464 0.813
10316 12680 0.813
9716 11262 0.813
4225 17393 0.813
994 9080 0.813
21 3756 0.813
11981 16659 0.812
11579 14049 0.812
11346 11767 0.812
10530 12484 0.812
10161 10570 0.812
9930 11823 0.812
8508 11242 0.812
8508 8697 0.812
7369 8126 0.812
5588 6333 0.812
5352 5762 0.812
5329 6801 0.812
5252 16691 0.812
5252 11700 0.812
4487 7340 0.812
4267 12555 0.812
4025 6066 0.812
3609 7406 0.812
3409 3603 0.812
3386 9403 0.812
2911 15780 0.812
2203 8504 0.812
2167 11106 0.812
1771 14356 0.812
1408 10602 0.812
1379 12044 0.812
1327 6809 0.812
771 16807 0.812
771 7236 0.812
490 12519 0.812
21 7182 0.812
10069 10530 0.811
9793 10445 0.811
9751 16320 0.811
7273 14363 0.811
5940 8948 0.811
5387 7915 0.811
4584 7340 0.811
4487 9793 0.811
4251 15233 0.811
3943 7037 0.811
3609 9431 0.811
3351 7123 0.811
3351 5062 0.811
2713 6459 0.811
1563 10057 0.811
1486 5076 0.811
1378 17588 0.811
771 3373 0.811
625 9751 0.811
314 8646 0.811
169 3386 0.811
14762 16533 0.810
12443 17477 0.810
9751 13958 0.810
9251 14291 0.810
8067 15233 0.810
7968 17422 0.810
7868 12439 0.810
7385 12522 0.810
7236 7508 0.810
7147 14371 0.810
6696 10153 0.810
6561 16369 0.810
6079 9779 0.810
5632 16369 0.810
4879 7369 0.810
4027 5167 0.810
3566 4194 0.810
2764 16417 0.810
1819 3922 0.810
1682 5782 0.810
949 14280 0.810
559 12439 0.810
381 15535 0.810
14962 17815 0.809
14280 17450 0.809
13613 17272 0.809
10637 11011 0.809
10128 11823 0.809
9255 10384 0.809
7911 10380 0.809
7321 9218 0.809
7012 7179 0.809
6162 15779 0.809
4879 10993 0.809
4879 7179 0.809
4281 8600 0.809
4194 4551 0.809
3825 16026 0.809
3373 3473 0.809
2960 10128 0.809
2127 5063 0.809
2032 8840 0.809
1757 7968 0.809
1345 5430 0.809
624 6914 0.809
372 15535 0.809
225 5196 0.809
16457 16852 0.808
14161 14280 0.808
14092 14280 0.808
12044 14280 0.808
9097 9276 0.808
8993 9537 0.808
7574 17786 0.808
7045 17450 0.808
6471 17681 0.808
6199 6443 0.808
4784 14962 0.808
3017 5380 0.808
2296 10388 0.808
837 10993 0.808
546 2646 0.808
21 5352 0.808
13766 15136 0.807
10440 11190 0.807
9475 10848 0.807
8454 12465 0.807
7746 7830 0.807
7045 14092 0.807
7045 12730 0.807
6781 16202 0.807
6491 7746 0.807
6063 11047 0.807
5937 14866 0.807
5762 14156 0.807
4207 12044 0.807
2766 12677 0.807
2732 12647 0.807
1402 6521 0.807
1378 8007 0.807
923 13125 0.807
225 11208 0.807
14361 15689 0.806
13440 17142 0.806
12363 14299 0.806
11119 13696 0.806
10995 15689 0.806
10621 12971 0.806
9984 12971 0.806
9963 15940 0.806
9557 10200 0.806
8195 17979 0.806
7313 16648 0.806
7214 14178 0.806
5988 12677 0.806
5937 12591 0.806
5924 7429 0.806
5199 16256 0.806
4806 5387 0.806
4487 7485 0.806
3386 11699 0.806
2766 9963 0.806
2509 14178 0.806
2428 5829 0.806
2045 4806 0.806
1671 7340 0.806
1322 2849 0.806
1297 7039 0.806
1179 4694 0.806
532 11902 0.806
463 8504 0.806
296 9396 0.806
15753 16225 0.805
14361 16132 0.805
13540 14403 0.805
13206 15709 0.805
11195 16191 0.805
11020 11937 0.805
8697 17826 0.805
8686 13385 0.805
8477 9866 0.805
7990 15303 0.805
7884 14290 0.805
7385 9396 0.805
6305 17311 0.805
6107 12293 0.805
5922 12439 0.805
5632 8438 0.805
5425 17448 0.805
5425 13925 0.805
5358 16369 0.805
5062 9258 0.805
4603 5424 0.805
4442 7488 0.805
3603 11533 0.805
3545 6150 0.805
3496 9529 0.805
3355 17440 0.805
3351 7868 0.805
2113 5055 0.805
1643 12439 0.805
1385 8885 0.805
1330 2052 0.805
1282 11008 0.805
1173 9930 0.805
797 10637 0.805
13540 17231 0.804
12732 14106 0.804
12414 13692 0.804
12112 12118 0.804
11432 16844 0.804
10780 17588 0.804
10387 16817 0.804
9688 13385 0.804
7792 17588 0.804
7792 10780 0.804
7360 11432 0.804
5762 12713 0.804
5762 8337 0.804
5696 15971 0.804
5582 8039 0.804
5352 9716 0.804
5076 8007 0.804
4281 10491 0.804
4109 7990 0.804
2195 14228 0.804
1841 12439 0.804
1305 5857 0.804
8825 9688 0.803
2820 8193 0.803
