29117 42896 1.000
11225 61321 1.000
55316 55898 0.909
39119 61321 0.909
11225 39119 0.909
61461 62102 0.902
1737 2074 0.868
54532 56071 0.866
13664 13846 0.864
61713 64968 0.858
29680 61029 0.853
28994 39956 0.852
69130 73063 0.844
13846 14082 0.843
51176 69794 0.841
55898 56223 0.839
79047 79298 0.838
15924 21187 0.837
61321 89937 0.836
11225 89937 0.836
54532 55799 0.833
9808 14721 0.833
54933 77805 0.824
220 49253 0.823
55898 73680 0.821
13846 14030 0.820
13621 14591 0.820
65649 73680 0.818
13621 14879 0.818
4350 4513 0.818
55898 65649 0.815
53020 67895 0.815
13868 40202 0.814
74338 75392 0.813
5541 85959 0.811
13664 14030 0.806
1737 4052 0.805
55139 72784 0.804
32817 60762 0.802
13621 14549 0.800
