29117 42896 1.000
11225 61321 1.000
26192 27166 0.933
1551 1566 0.931
15020 15147 0.917
9808 15147 0.917
13664 13846 0.916
64968 83675 0.910
55316 55898 0.909
39119 61321 0.909
11225 39119 0.909
19605 44689 0.908
56268 65779 0.907
13621 14549 0.905
73286 84183 0.903
5580 5672 0.903
2534 73987 0.903
61461 62102 0.902
22492 28084 0.900
2525 4113 0.900
11144 24171 0.899
2336 4073 0.898
32355 42240 0.896
2068 73987 0.895
701 5060 0.895
29804 42008 0.894
20959 37067 0.894
20695 35902 0.894
17621 31696 0.894
37277 67659 0.893
27166 27282 0.891
3047 66384 0.891
1737 2074 0.891
10487 54276 0.890
1319 5060 0.890
13846 14082 0.889
703 1483 0.889
285 1194 0.888
32355 66740 0.886
26192 27282 0.886
24408 35570 0.886
14167 15147 0.886
52681 68880 0.883
22679 76791 0.883
29149 64288 0.881
21178 22018 0.881
5672 85973 0.881
448 61713 0.881
73987 88430 0.880
29759 51574 0.880
35909 41453 0.879
22679 68880 0.879
2279 2319 0.879
20752 28084 0.878
18495 35909 0.878
3047 22679 0.878
11701 43359 0.877
4507 49320 0.877
33644 34438 0.875
562 3849 0.875
56268 76791 0.874
29436 54276 0.874
13586 13842 0.873
56268 87977 0.872
2904 50301 0.872
1737 4052 0.872
1486 5212 0.871
24741 40331 0.870
11013 21178 0.870
9808 14721 0.870
5060 88825 0.870
15287 20401 0.869
13846 14030 0.869
13586 13902 0.869
3849 16495 0.869
3047 76791 0.869
3047 65779 0.869
56354 68115 0.867
17956 30392 0.867
14082 14721 0.867
13621 14829 0.867
2525 4636 0.867
65779 87977 0.866
54532 56071 0.866
43223 52072 0.866
33375 67659 0.866
28311 31080 0.866
26484 51683 0.866
9808 15020 0.866
18495 41453 0.865
18495 28863 0.865
14211 14829 0.865
6462 54754 0.865
46750 89540 0.864
28084 33165 0.864
13271 66538 0.864
8056 13586 0.864
45333 63268 0.863
13586 14829 0.863
11013 34020 0.863
2068 88430 0.863
562 16495 0.863
55814 72987 0.862
32355 64369 0.862
28409 74605 0.862
27344 58064 0.862
23593 26339 0.862
22679 56268 0.862
17248 23457 0.862
12616 13535 0.862
1319 2573 0.862
59545 73254 0.861
28829 35184 0.861
25600 81265 0.861
18495 51754 0.861
13586 14029 0.861
10487 29062 0.861
2068 2534 0.861
29759 52799 0.860
28084 33234 0.860
14549 14829 0.860
13535 13586 0.860
2573 5060 0.860
46717 89022 0.859
25115 26086 0.859
21178 34020 0.859
12616 14029 0.859
5060 67739 0.859
1555 74065 0.859
1480 2161 0.859
303 639 0.859
61713 64968 0.858
56167 72987 0.858
40346 70261 0.858
40346 42240 0.858
26712 45270 0.858
22018 34020 0.858
4396 73987 0.858
47255 60182 0.857
37532 50301 0.857
33165 38423 0.857
14167 14614 0.857
13586 14082 0.857
303 73987 0.857
45483 82011 0.856
43797 81612 0.856
43471 73426 0.856
31207 88029 0.856
28311 47386 0.856
11013 35909 0.856
3047 56268 0.856
2034 5460 0.856
62921 66523 0.855
50977 60361 0.855
41222 64968 0.855
31859 39995 0.855
30797 39248 0.855
13664 14030 0.855
64368 82167 0.854
50301 54014 0.854
43223 59545 0.854
23785 28139 0.854
21385 64288 0.854
40103 41387 0.853
34839 41377 0.853
29680 61029 0.853
19548 83445 0.853
16489 27166 0.853
13586 14721 0.853
5541 85580 0.853
29309 39248 0.852
28994 39956 0.852
28863 51754 0.852
28311 68880 0.852
23600 79795 0.852
23600 68646 0.852
20752 22492 0.852
19302 23457 0.852
73820 80813 0.851
51521 67960 0.851
45333 47867 0.851
35909 42240 0.851
32585 47760 0.851
23912 67622 0.851
16740 51555 0.851
14694 19302 0.851
13902 14029 0.851
1407 2319 0.851
66384 72074 0.850
65779 76791 0.850
64372 76051 0.850
52073 61783 0.850
51574 52799 0.850
33375 37277 0.850
32355 40346 0.850
30387 31536 0.850
28388 40331 0.850
16948 47772 0.850
16489 26192 0.850
11763 25376 0.850
67739 88025 0.849
39316 67557 0.849
22679 81907 0.849
19336 54754 0.849
12616 13586 0.849
8056 14029 0.849
2279 84851 0.849
448 64369 0.849
56622 77959 0.848
50301 66740 0.848
47255 69358 0.848
13586 14167 0.848
13149 45270 0.848
13105 29309 0.848
11701 17248 0.848
11013 29447 0.848
43223 59238 0.847
42240 66740 0.847
32948 36173 0.847
28311 52681 0.847
26906 59545 0.847
22543 57423 0.847
22492 33234 0.847
20695 24432 0.847
701 67739 0.847
303 2068 0.847
81969 89753 0.846
74237 78066 0.846
56248 85375 0.846
56167 75964 0.846
44464 55364 0.846
33259 55715 0.846
32355 39248 0.846
28139 82888 0.846
26127 42995 0.846
18495 40799 0.846
16953 55138 0.846
6738 43223 0.846
303 2148 0.846
47867 63268 0.845
44550 80813 0.845
41453 42240 0.845
41222 83485 0.845
25839 43471 0.845
23260 54416 0.845
19126 44689 0.845
18495 42240 0.845
16242 22243 0.845
14167 14721 0.845
11906 85764 0.845
10849 37542 0.845
1224 88649 0.845
88378 89561 0.844
69130 73063 0.844
66384 76791 0.844
64968 83485 0.844
49397 66322 0.844
33165 41477 0.844
25263 31545 0.844
22679 66384 0.844
16886 55715 0.844
12181 23592 0.844
8056 13902 0.844
2904 66740 0.844
2904 35909 0.844
42240 52681 0.843
40529 41222 0.843
30203 49671 0.843
20752 63268 0.843
19126 19605 0.843
64943 74658 0.842
63070 67883 0.842
47255 47834 0.842
21988 76600 0.842
21458 32589 0.842
14497 83675 0.842
13902 14721 0.842
13322 35225 0.842
11013 41453 0.842
6011 11381 0.842
64369 67831 0.841
51176 69794 0.841
26906 61779 0.841
22492 45333 0.841
13535 14029 0.841
3171 11058 0.841
3047 72074 0.841
2534 4396 0.841
701 1319 0.841
74032 81907 0.840
64369 66740 0.840
63238 64968 0.840
41222 61713 0.840
26484 54590 0.840
23757 82627 0.840
14211 14549 0.840
14029 14082 0.840
13842 13902 0.840
10487 29436 0.840
4754 73987 0.840
2904 40346 0.840
303 4052 0.840
55898 56223 0.839
44522 82448 0.839
41872 60602 0.839
40799 41453 0.839
35909 66740 0.839
31080 47386 0.839
28205 56281 0.839
26033 61713 0.839
16886 73309 0.839
12616 13842 0.839
11906 49454 0.839
5060 5466 0.839
2904 54014 0.839
701 53975 0.839
79047 79298 0.838
67960 68115 0.838
67739 88825 0.838
66175 78360 0.838
49870 60255 0.838
35909 50301 0.838
26459 41867 0.838
26113 47925 0.838
22018 37067 0.838
21385 29149 0.838
13535 13902 0.838
13149 41625 0.838
12616 14082 0.838
6570 10487 0.838
5828 70534 0.838
3047 81907 0.838
2068 4754 0.838
448 63268 0.838
73309 79795 0.837
60391 64372 0.837
59545 61779 0.837
37841 89728 0.837
33165 33234 0.837
26836 31545 0.837
25115 61237 0.837
16886 19336 0.837
15924 24171 0.837
15924 21187 0.837
13842 14029 0.837
13621 14591 0.837
13586 13846 0.837
12616 13902 0.837
10849 29050 0.837
10487 27493 0.837
10487 16758 0.837
2319 84731 0.837
701 2019 0.837
237 54768 0.837
85580 85959 0.836
61713 63268 0.836
61321 89937 0.836
54078 56354 0.836
41872 47359 0.836
40346 66740 0.836
32585 64752 0.836
22492 33165 0.836
22133 40464 0.836
18495 18827 0.836
15924 29050 0.836
13621 14211 0.836
11225 89937 0.836
11013 50301 0.836
3771 47386 0.836
2060 88430 0.836
43223 54590 0.835
37053 40753 0.835
35909 51754 0.835
32255 78757 0.835
31080 68880 0.835
23912 77727 0.835
20959 24779 0.835
16886 33259 0.835
14167 14879 0.835
14167 14591 0.835
13842 14082 0.835
13535 14591 0.835
13535 13621 0.835
8056 13842 0.835
5212 54418 0.835
4507 89540 0.835
2076 27344 0.835
1295 1881 0.835
85959 86158 0.834
40799 42240 0.834
31080 52681 0.834
29050 41340 0.834
24156 53566 0.834
23051 34978 0.834
21647 67659 0.834
20695 28434 0.834
20007 40603 0.834
19717 20692 0.834
19674 39655 0.834
19605 21178 0.834
16758 54276 0.834
16206 58076 0.834
13902 14082 0.834
12616 14721 0.834
12335 13535 0.834
8056 13535 0.834
5020 48896 0.834
1407 5427 0.834
705 1483 0.834
69876 73680 0.833
54532 55799 0.833
40346 52907 0.833
35909 40799 0.833
26975 57156 0.833
20957 31169 0.833
20752 67831 0.833
17621 44550 0.833
15845 67105 0.833
14029 14721 0.833
5541 85959 0.833
1664 88649 0.833
1407 5460 0.833
73820 80762 0.832
50301 51754 0.832
44970 57792 0.832
40346 50301 0.832
33234 38423 0.832
29148 30276 0.832
25953 84697 0.832
22679 65779 0.832
21178 44689 0.832
21140 53360 0.832
19146 37277 0.832
15458 74658 0.832
13621 14879 0.832
12762 42838 0.832
10849 15924 0.832
9897 76600 0.832
8056 14829 0.832
5828 64805 0.832
5664 85309 0.832
4768 76791 0.832
2030 4651 0.832
1486 5026 0.832
1425 1792 0.832
701 74871 0.832
701 2213 0.832
64718 73476 0.831
60602 68796 0.831
54194 59545 0.831
54060 76324 0.831
53975 67739 0.831
51683 62948 0.831
49693 61448 0.831
43471 57792 0.831
39248 82937 0.831
35909 64369 0.831
31080 55742 0.831
22492 36419 0.831
21196 53649 0.831
20752 33165 0.831
19302 54420 0.831
18961 33165 0.831
14694 47230 0.831
13556 41901 0.831
9897 51521 0.831
9781 66740 0.831
9641 27282 0.831
8056 12616 0.831
5060 88025 0.831
2904 49708 0.831
2019 2030 0.831
389 2074 0.831
74308 75832 0.830
69921 70275 0.830
66470 66523 0.830
56517 64943 0.830
54663 66471 0.830
51529 80556 0.830
49708 66740 0.830
42588 42838 0.830
32355 35909 0.830
23785 54136 0.830
19681 20695 0.830
16740 23600 0.830
12366 77959 0.830
9484 10326 0.830
2159 4177 0.830
1483 2074 0.830
701 88025 0.830
701 5466 0.830
88541 89740 0.829
72987 84697 0.829
63268 64369 0.829
62921 76156 0.829
56354 67960 0.829
52792 56619 0.829
51436 80276 0.829
43223 68356 0.829
41731 65895 0.829
33904 34543 0.829
33234 44689 0.829
29176 59545 0.829
27437 81716 0.829
25024 28911 0.829
22492 38423 0.829
21657 24103 0.829
20752 47867 0.829
19605 38423 0.829
18455 21140 0.829
16953 42927 0.829
16495 64842 0.829
15971 81612 0.829
15924 40895 0.829
13590 14549 0.829
13535 14082 0.829
5060 88649 0.829
2573 67739 0.829
1228 1878 0.829
69066 77027 0.828
60602 83386 0.828
56517 74658 0.828
55742 68880 0.828
39248 42240 0.828
38707 53421 0.828
37732 74893 0.828
33100 40351 0.828
32355 41901 0.828
32149 66441 0.828
27520 43359 0.828
23593 41867 0.828
19565 65930 0.828
13842 14721 0.828
13535 13842 0.828
12479 47230 0.828
2573 5466 0.828
1851 5195 0.828
701 1353 0.828
604 1318 0.828
562 63991 0.828
303 1773 0.828
52072 59545 0.827
47359 60602 0.827
44689 47867 0.827
43359 60822 0.827
38580 83576 0.827
32355 50303 0.827
30797 50303 0.827
28863 50301 0.827
24779 45483 0.827
23173 25946 0.827
23160 83919 0.827
22679 28311 0.827
22668 61783 0.827
22492 47867 0.827
21814 35235 0.827
19113 37067 0.827
18495 28084 0.827
17178 22763 0.827
17157 75832 0.827
16740 21783 0.827
14439 44550 0.827
13535 14721 0.827
12536 83896 0.827
10866 20288 0.827
3244 48014 0.827
2525 2980 0.827
2068 2148 0.827
604 2161 0.827
448 20752 0.827
54074 66470 0.826
44550 45270 0.826
44315 67659 0.826
41377 86979 0.826
38137 75826 0.826
36305 66553 0.826
36224 78360 0.826
34020 50301 0.826
23912 46986 0.826
22668 52073 0.826
21631 22705 0.826
21210 25878 0.826
19293 25024 0.826
19146 21647 0.826
18983 27908 0.826
18961 64369 0.826
18717 51555 0.826
15857 27081 0.826
14225 79950 0.826
13586 13664 0.826
11880 24755 0.826
11667 85442 0.826
11234 39655 0.826
4113 4636 0.826
3047 4768 0.826
1319 88025 0.826
1295 4636 0.826
68778 72465 0.825
56268 87508 0.825
43223 55087 0.825
42240 51754 0.825
41453 50301 0.825
34020 35909 0.825
33259 47244 0.825
31080 35909 0.825
29447 42240 0.825
27166 40331 0.825
27081 55165 0.825
25094 34020 0.825
22688 67676 0.825
22570 42008 0.825
21861 27289 0.825
21647 27437 0.825
21178 29447 0.825
20616 30904 0.825
18495 50301 0.825
18101 22769 0.825
17248 43359 0.825
15105 64288 0.825
14327 20003 0.825
13586 15147 0.825
11144 27387 0.825
10829 54590 0.825
2904 51754 0.825
2125 2980 0.825
1990 52072 0.825
1486 54418 0.825
1407 2279 0.825
701 5276 0.825
611 705 0.825
51836 53135 0.824
47281 64968 0.824
46555 46717 0.824
46506 46631 0.824
44968 73286 0.824
44411 82103 0.824
42337 85764 0.824
39382 60694 0.824
38423 44689 0.824
34020 44689 0.824
32355 40799 0.824
32210 52799 0.824
30203 83626 0.824
28918 38210 0.824
28863 29447 0.824
27279 73286 0.824
26906 54590 0.824
26339 26459 0.824
22688 68796 0.824
20959 44689 0.824
20399 67105 0.824
17132 26484 0.824
15924 21703 0.824
13586 14879 0.824
12366 56622 0.824
12232 60013 0.824
8056 14082 0.824
1990 59545 0.824
1143 1737 0.824
588 75871 0.824
88013 88378 0.823
86020 86126 0.823
85508 85767 0.823
68796 82167 0.823
63268 67831 0.823
47867 64752 0.823
44102 45270 0.823
42851 49624 0.823
42201 81987 0.823
38607 52442 0.823
33788 34868 0.823
29447 34020 0.823
29436 52243 0.823
29311 29910 0.823
28084 47867 0.823
28084 45333 0.823
26745 30849 0.823
25275 34548 0.823
22679 52681 0.823
19113 21647 0.823
18495 29447 0.823
17950 18855 0.823
16948 55165 0.823
16108 23051 0.823
15617 86972 0.823
14741 18863 0.823
12616 14167 0.823
11013 18495 0.823
9119 52243 0.823
5428 78360 0.823
3701 41653 0.823
1224 1664 0.823
703 2074 0.823
302 1664 0.823
237 81784 0.823
220 49253 0.823
66740 68880 0.822
62921 66470 0.822
60602 64368 0.822
56167 83423 0.822
54933 77805 0.822
53975 88025 0.822
47949 54194 0.822
47386 68880 0.822
45483 52073 0.822
42995 54754 0.822
37912 46750 0.822
33906 60690 0.822
31046 65020 0.822
30885 33644 0.822
25953 37016 0.822
24779 37067 0.822
21988 56354 0.822
19176 28551 0.822
15751 29759 0.822
14082 14167 0.822
13618 14591 0.822
12616 14804 0.822
11234 41387 0.822
11013 22018 0.822
8637 17633 0.822
8056 14721 0.822
2279 84731 0.822
701 88649 0.822
701 1222 0.822
448 48183 0.822
184 5054 0.822
72987 75964 0.821
61448 66387 0.821
55898 73680 0.821
54590 68356 0.821
47949 71701 0.821
47857 83675 0.821
47854 64369 0.821
47386 81907 0.821
46283 49730 0.821
44550 79865 0.821
42240 50303 0.821
40799 66740 0.821
40669 80730 0.821
39655 41387 0.821
35184 46986 0.821
32355 54014 0.821
31685 72465 0.821
30203 31238 0.821
27670 28518 0.821
26459 84503 0.821
25115 76600 0.821
24798 54754 0.821
19683 83926 0.821
18717 20401 0.821
17132 37483 0.821
13586 14614 0.821
12836 60013 0.821
12492 25027 0.821
10829 15857 0.821
9897 21988 0.821
9615 81265 0.821
9615 25600 0.821
8917 73820 0.821
8913 25600 0.821
6570 38210 0.821
6567 13453 0.821
5026 5212 0.821
2044 5460 0.821
1319 88825 0.821
1319 5466 0.821
55165 80276 0.820
54434 55153 0.820
49213 64718 0.820
47386 50301 0.820
41453 66740 0.820
40346 52681 0.820
39014 60602 0.820
38766 47867 0.820
29447 32355 0.820
28311 28863 0.820
26018 47331 0.820
25609 51536 0.820
24741 27166 0.820
22570 29804 0.820
21647 35164 0.820
19681 36195 0.820
19565 38159 0.820
19113 59461 0.820
16740 68646 0.820
15971 50198 0.820
15105 21385 0.820
12492 21484 0.820
12175 16740 0.820
11058 19629 0.820
11013 28863 0.820
7637 17506 0.820
5195 74065 0.820
3701 59710 0.820
2904 42240 0.820
2573 88025 0.820
1785 3771 0.820
1319 67739 0.820
237 6052 0.820
78360 89540 0.819
73476 88485 0.819
63238 83485 0.819
54078 68115 0.819
53990 73597 0.819
53100 63273 0.819
49762 57470 0.819
49454 85764 0.819
49320 89540 0.819
47386 52681 0.819
46986 77727 0.819
45483 61783 0.819
44464 64368 0.819
40529 60182 0.819
38626 40753 0.819
38159 65930 0.819
35909 54014 0.819
35830 53975 0.819
28829 46986 0.819
28527 51555 0.819
26484 43223 0.819
20752 51754 0.819
19126 38423 0.819
16886 38911 0.819
14591 14879 0.819
14118 51536 0.819
13902 14167 0.819
13721 70534 0.819
13586 13621 0.819
13535 14167 0.819
10829 51683 0.819
2019 5425 0.819
705 67369 0.819
73267 88803 0.818
65649 73680 0.818
61713 83675 0.818
59597 73426 0.818
47772 55165 0.818
47281 83675 0.818
44782 45270 0.818
44689 63268 0.818
43223 81547 0.818
41222 83675 0.818
39655 54703 0.818
39248 64369 0.818
32566 36445 0.818
32355 41453 0.818
30201 65755 0.818
29149 51351 0.818
23593 32362 0.818
23260 83336 0.818
21979 65825 0.818
21241 54434 0.818
20695 39919 0.818
20692 38065 0.818
17385 34292 0.818
16886 47244 0.818
16628 25082 0.818
15971 16495 0.818
15392 46525 0.818
15287 57909 0.818
15146 49875 0.818
14082 14829 0.818
14029 14167 0.818
13902 14829 0.818
13039 23227 0.818
12519 39014 0.818
6308 39248 0.818
6308 28843 0.818
5541 85462 0.818
4507 71737 0.818
4507 46750 0.818
4350 4513 0.818
2904 18495 0.818
1881 4636 0.818
703 1737 0.818
448 54014 0.818
329 88603 0.818
303 2534 0.818
303 1737 0.818
75448 79441 0.817
73706 85508 0.817
57792 70534 0.817
55814 56167 0.817
52898 55101 0.817
44070 52102 0.817
43471 59597 0.817
42254 54703 0.817
40346 40799 0.817
37912 89540 0.817
34539 54615 0.817
33682 62684 0.817
29262 38210 0.817
29176 80307 0.817
28388 33520 0.817
26925 43471 0.817
22001 25839 0.817
21178 50301 0.817
20752 33234 0.817
16948 42201 0.817
16489 27282 0.817
14741 20797 0.817
14439 31696 0.817
13862 16886 0.817
13586 14211 0.817
12335 12616 0.817
6308 64369 0.817
5060 53975 0.817
3849 64842 0.817
2534 88430 0.817
2525 84194 0.817
2455 4651 0.817
1483 1998 0.817
427 44968 0.817
302 88649 0.817
88025 88825 0.816
64943 76912 0.816
58541 76912 0.816
47386 55742 0.816
42240 50301 0.816
40346 84537 0.816
37277 44315 0.816
33782 80813 0.816
33757 57792 0.816
33165 35909 0.816
31667 82830 0.816
31207 52442 0.816
30489 73944 0.816
29309 50303 0.816
29309 30797 0.816
28431 49628 0.816
28105 38210 0.816
26925 44970 0.816
26906 43223 0.816
26459 81152 0.816
24779 63268 0.816
23593 80118 0.816
22948 70686 0.816
22543 69521 0.816
21647 81716 0.816
21178 63268 0.816
19766 25853 0.816
19146 59461 0.816
14673 43223 0.816
13862 19336 0.816
13586 14549 0.816
13586 13590 0.816
12658 26712 0.816
11234 40103 0.816
8056 14167 0.816
6253 75832 0.816
5026 54418 0.816
4768 56268 0.816
4507 75242 0.816
2074 3124 0.816
2019 4535 0.816
1483 1737 0.816
1224 2573 0.816
191 67739 0.816
73987 74065 0.815
72843 89175 0.815
68880 70230 0.815
64368 68796 0.815
63238 66966 0.815
60602 82167 0.815
56268 81907 0.815
55898 65649 0.815
54754 57792 0.815
53020 67895 0.815
51436 61779 0.815
51436 55165 0.815
49305 66175 0.815
48896 64372 0.815
46579 64339 0.815
46141 58515 0.815
45397 51547 0.815
43073 80762 0.815
39248 56637 0.815
39248 50303 0.815
38707 48238 0.815
36195 39919 0.815
31696 51536 0.815
31536 53130 0.815
28311 50301 0.815
27796 61252 0.815
27279 48461 0.815
27279 46954 0.815
26906 51436 0.815
26086 76600 0.815
24113 50977 0.815
23593 24103 0.815
22679 26329 0.815
20616 81421 0.815
19113 37277 0.815
18717 26127 0.815
18001 61779 0.815
16354 64369 0.815
13846 13902 0.815
12335 14167 0.815
11013 42240 0.815
7667 67105 0.815
6858 76791 0.815
6738 83607 0.815
6567 85864 0.815
5427 5460 0.815
5152 73987 0.815
4768 65779 0.815
4628 26459 0.815
3805 88603 0.815
2904 41453 0.815
2573 88825 0.815
2060 2534 0.815
1399 2143 0.815
303 4396 0.815
70261 84537 0.814
61779 73254 0.814
60391 76051 0.814
55715 73309 0.814
46986 67622 0.814
42877 84150 0.814
40753 83116 0.814
33333 57570 0.814
33234 47867 0.814
32355 34020 0.814
31696 44550 0.814
30797 40346 0.814
30321 58751 0.814
28084 38423 0.814
27580 56077 0.814
26821 55520 0.814
25378 76624 0.814
24103 48361 0.814
23600 42995 0.814
22224 52280 0.814
21892 33644 0.814
21647 56261 0.814
20288 47122 0.814
20007 32225 0.814
19126 63268 0.814
17157 74308 0.814
16346 55138 0.814
15751 47064 0.814
15610 42898 0.814
14968 21647 0.814
13664 14082 0.814
13586 14591 0.814
10487 42506 0.814
8335 21385 0.814
6011 66747 0.814
2558 40016 0.814
2531 5195 0.814
2279 4651 0.814
1737 3124 0.814
1407 4651 0.814
1194 48235 0.814
285 5054 0.814
80185 85764 0.813
74338 75392 0.813
64339 66300 0.813
52452 84697 0.813
50787 58405 0.813
49671 57258 0.813
48183 54014 0.813
46579 66300 0.813
42240 64369 0.813
41901 64369 0.813
40818 41633 0.813
39773 58673 0.813
36301 58309 0.813
35909 40346 0.813
32877 83336 0.813
32381 46606 0.813
31080 51754 0.813
29528 51536 0.813
29447 50301 0.813
28863 35909 0.813
28829 67622 0.813
28311 66740 0.813
27908 80813 0.813
26033 47255 0.813
25378 33644 0.813
23600 35207 0.813
20752 61713 0.813
20752 45333 0.813
19681 35902 0.813
19674 41387 0.813
16495 63991 0.813
16302 49857 0.813
15845 82937 0.813
15751 23096 0.813
14614 14879 0.813
13079 26925 0.813
10487 16033 0.813
5753 85483 0.813
5583 85653 0.813
3635 3673 0.813
2513 73987 0.813
1990 26906 0.813
1792 2010 0.813
1407 2030 0.813
1054 81612 0.813
366 2125 0.813
71074 89561 0.812
66523 83626 0.812
64805 70534 0.812
61608 80401 0.812
49708 50301 0.812
49320 88935 0.812
48183 64369 0.812
47122 55153 0.812
45771 74526 0.812
45420 83919 0.812
43223 44113 0.812
42240 70261 0.812
42076 58673 0.812
41872 64368 0.812
41867 45270 0.812
41858 50303 0.812
41453 51754 0.812
41222 63238 0.812
29447 51754 0.812
29262 33925 0.812
28311 55742 0.812
26339 81152 0.812
26339 41867 0.812
26192 40331 0.812
25972 59710 0.812
25490 59463 0.812
24741 33520 0.812
22473 38915 0.812
21677 24755 0.812
21625 73286 0.812
18760 85672 0.812
17248 47230 0.812
16347 23600 0.812
15845 29771 0.812
14591 14614 0.812
13535 14781 0.812
13527 64481 0.812
12400 16740 0.812
12002 59319 0.812
11709 35184 0.812
8127 45394 0.812
6570 28434 0.812
6308 49875 0.812
6019 12674 0.812
5195 73987 0.812
4628 81152 0.812
4052 80447 0.812
2904 32355 0.812
2074 4052 0.812
2068 4396 0.812
701 73488 0.812
448 26033 0.812
303 88430 0.812
302 1224 0.812
237 63147 0.812
71768 81896 0.811
68478 81152 0.811
66175 74831 0.811
64841 68885 0.811
60391 64544 0.811
59742 73944 0.811
54269 67116 0.811
52681 68405 0.811
51754 66740 0.811
48896 76051 0.811
48461 59319 0.811
47949 65422 0.811
45917 73944 0.811
45483 59461 0.811
45333 47255 0.811
41901 52907 0.811
41377 63238 0.811
40137 89385 0.811
35902 39919 0.811
31905 45291 0.811
31433 65267 0.811
30387 53130 0.811
30177 44782 0.811
29759 66471 0.811
29447 41453 0.811
25946 44195 0.811
24992 58134 0.811
24607 33644 0.811
24245 30369 0.811
19605 33234 0.811
19605 33165 0.811
19146 67659 0.811
18961 28084 0.811
18190 45859 0.811
17248 60822 0.811
16886 70355 0.811
16886 18957 0.811
14167 14829 0.811
13648 50055 0.811
13621 14082 0.811
12616 14829 0.811
12166 20752 0.811
11880 21677 0.811
10346 17950 0.811
7650 34770 0.811
7639 16886 0.811
6011 68778 0.811
5060 5276 0.811
4768 81907 0.811
3849 63991 0.811
3772 15483 0.811
2904 40799 0.811
2319 5427 0.811
2060 73987 0.811
2030 5276 0.811
1480 1483 0.811
1318 5460 0.811
366 4320 0.811
329 3805 0.811
74065 88430 0.810
67622 84697 0.810
60138 68880 0.810
56637 68880 0.810
56319 68478 0.810
55165 67525 0.810
52243 56243 0.810
51954 67960 0.810
51521 68115 0.810
47831 55664 0.810
47386 66740 0.810
45448 65344 0.810
45333 64752 0.810
44550 73566 0.810
43029 47741 0.810
39014 41872 0.810
34020 54014 0.810
33897 63268 0.810
33001 34944 0.810
32877 73861 0.810
32355 50301 0.810
31985 59319 0.810
31207 66470 0.810
30616 80275 0.810
30177 45270 0.810
29447 35909 0.810
28035 30104 0.810
27125 41453 0.810
26673 40227 0.810
25481 29149 0.810
25263 31476 0.810
21178 33234 0.810
20752 52396 0.810
20401 44550 0.810
18717 57792 0.810
14106 26906 0.810
13858 18983 0.810
13842 14167 0.810
13339 83817 0.810
13328 43223 0.810
12762 40194 0.810
12674 21115 0.810
10876 59597 0.810
10531 25220 0.810
9506 64805 0.810
8917 19374 0.810
6738 52072 0.810
4152 88924 0.810
4007 76565 0.810
2906 4636 0.810
2513 4754 0.810
2125 4320 0.810
2030 2314 0.810
1785 47386 0.810
1555 2531 0.810
701 2573 0.810
639 1773 0.810
88836 89022 0.809
85462 85921 0.809
66740 72074 0.809
61713 67831 0.809
61608 66408 0.809
58321 81098 0.809
57190 83462 0.809
53971 70829 0.809
51683 68478 0.809
50671 88649 0.809
49265 82512 0.809
47834 60182 0.809
46582 89825 0.809
41872 68796 0.809
41867 81152 0.809
40529 47255 0.809
38766 42959 0.809
37277 59461 0.809
35909 48183 0.809
34020 41453 0.809
33165 47255 0.809
31640 81716 0.809
31005 31020 0.809
30797 42240 0.809
29759 82955 0.809
29528 37483 0.809
27493 29436 0.809
26925 57792 0.809
25117 76772 0.809
24116 65422 0.809
23593 26459 0.809
23260 27081 0.809
22018 44689 0.809
21988 68115 0.809
21647 59461 0.809
20695 28105 0.809
20234 39014 0.809
19674 40103 0.809
19605 37067 0.809
19605 34020 0.809
17047 27796 0.809
15924 41340 0.809
15857 55165 0.809
15791 73476 0.809
15458 24378 0.809
15288 53451 0.809
14167 15020 0.809
13661 29249 0.809
12670 51715 0.809
11013 66740 0.809
9808 14167 0.809
9641 27166 0.809
6019 21115 0.809
4476 4567 0.809
3873 5466 0.809
2304 6738 0.809
2187 5195 0.809
2068 2513 0.809
2019 2213 0.809
1990 54194 0.809
1432 1664 0.809
588 45270 0.809
237 9164 0.809
85462 87710 0.808
85442 85959 0.808
80702 84276 0.808
79270 81463 0.808
75832 84071 0.808
71600 83576 0.808
64369 82937 0.808
61237 76600 0.808
56167 84697 0.808
55101 82893 0.808
54434 64368 0.808
54269 81987 0.808
54269 61914 0.808
46480 87897 0.808
46364 80341 0.808
45483 73849 0.808
40529 64968 0.808
39019 83576 0.808
34292 44954 0.808
33165 44689 0.808
32790 39248 0.808
32355 48183 0.808
31545 80556 0.808
31401 34438 0.808
29309 29771 0.808
28311 35909 0.808
26745 31024 0.808
26643 27791 0.808
24779 59461 0.808
24607 34438 0.808
23785 51521 0.808
23457 43359 0.808
22001 43471 0.808
20697 44195 0.808
19474 54136 0.808
19336 63147 0.808
18717 33259 0.808
18495 66740 0.808
18495 31080 0.808
17132 23593 0.808
16979 66470 0.808
15755 87232 0.808
15648 31207 0.808
15311 49206 0.808
15252 54909 0.808
14740 43029 0.808
14439 51536 0.808
14439 33782 0.808
14118 29528 0.808
13862 33259 0.808
13586 14804 0.808
13535 14829 0.808
13322 18760 0.808
12536 15544 0.808
12335 13586 0.808
10936 16936 0.808
5466 88025 0.808
5060 74871 0.808
4754 73339 0.808
2596 17404 0.808
2068 2187 0.808
705 3999 0.808
705 2279 0.808
604 2106 0.808
85462 85580 0.807
68880 81163 0.807
65409 72276 0.807
63801 66614 0.807
62755 63147 0.807
62581 84148 0.807
61713 83485 0.807
59597 62755 0.807
56190 62944 0.807
54194 77771 0.807
53354 60573 0.807
49875 50303 0.807
47772 51436 0.807
47386 65552 0.807
42201 54269 0.807
42201 49628 0.807
40529 63238 0.807
40213 40818 0.807
37532 41453 0.807
37483 44550 0.807
35909 37532 0.807
34839 40194 0.807
34770 47741 0.807
34770 43029 0.807
32795 83453 0.807
30201 35039 0.807
29176 73254 0.807
28473 29737 0.807
28311 41453 0.807
28205 34496 0.807
26392 84697 0.807
23593 81152 0.807
23124 48881 0.807
22675 48384 0.807
22492 41453 0.807
22133 71533 0.807
21625 59319 0.807
21276 37483 0.807
21178 37067 0.807
20195 47760 0.807
19336 62755 0.807
19336 24798 0.807
19113 20959 0.807
17639 18983 0.807
16740 16886 0.807
16628 27081 0.807
16489 36173 0.807
15288 23134 0.807
14740 47741 0.807
14673 62948 0.807
14167 14549 0.807
13721 54754 0.807
13471 19374 0.807
12616 14614 0.807
12616 13846 0.807
12470 52640 0.807
12335 14721 0.807
12181 29528 0.807
11991 76324 0.807
11701 45606 0.807
11102 19865 0.807
11013 19605 0.807
10487 28434 0.807
10487 20695 0.807
10346 23600 0.807
9119 64021 0.807
8992 42959 0.807
8870 41625 0.807
7664 8637 0.807
6570 54276 0.807
6570 28918 0.807
6433 38668 0.807
5688 16242 0.807
5212 84194 0.807
5060 84851 0.807
4628 26339 0.807
3171 87714 0.807
2904 11013 0.807
2630 13009 0.807
1483 70156 0.807
1480 2319 0.807
1353 73488 0.807
562 64842 0.807
88649 88825 0.806
84972 88825 0.806
84972 88649 0.806
82167 83386 0.806
80813 85864 0.806
80702 81116 0.806
70985 89755 0.806
70590 74061 0.806
69133 89753 0.806
67739 84869 0.806
65842 76013 0.806
61713 64369 0.806
60222 89540 0.806
59659 80633 0.806
59463 61237 0.806
54526 76156 0.806
54014 61713 0.806
52681 56637 0.806
52647 73476 0.806
52073 66315 0.806
50198 81612 0.806
49683 83485 0.806
49213 73476 0.806
48014 81217 0.806
47867 64968 0.806
47122 55101 0.806
43797 60555 0.806
41872 82167 0.806
41708 60755 0.806
37732 66458 0.806
37611 80064 0.806
37611 61920 0.806
36374 69450 0.806
33375 44315 0.806
32585 47867 0.806
30489 45917 0.806
29759 54663 0.806
28863 31080 0.806
28205 37356 0.806
27493 45394 0.806
26875 57369 0.806
26843 44232 0.806
26549 68621 0.806
26339 68478 0.806
23593 45270 0.806
19146 27437 0.806
15791 54962 0.806
15267 29148 0.806
14721 14829 0.806
13858 27908 0.806
13842 14829 0.806
13721 79795 0.806
13705 42240 0.806
13640 16658 0.806
13590 14029 0.806
12616 13590 0.806
10849 40895 0.806
10642 69450 0.806
7650 56077 0.806
5466 88649 0.806
5276 53975 0.806
2904 28863 0.806
2746 44689 0.806
2573 3873 0.806
2525 54418 0.806
1494 2279 0.806
1224 84892 0.806
1222 2213 0.806
663 2125 0.806
360 15164 0.806
73267 88626 0.805
68912 81102 0.805
66033 73566 0.805
64369 72074 0.805
61036 65557 0.805
57792 73426 0.805
56268 66384 0.805
55139 72784 0.805
55087 62948 0.805
51683 66401 0.805
51683 54590 0.805
51547 59463 0.805
50499 57792 0.805
50303 79159 0.805
48634 62758 0.805
47760 73887 0.805
46550 59545 0.805
45333 83485 0.805
45333 61713 0.805
44464 55520 0.805
42201 55165 0.805
42201 47772 0.805
38961 65552 0.805
37067 37277 0.805
35517 43223 0.805
35009 82627 0.805
34775 53081 0.805
31401 33644 0.805
31207 46533 0.805
30849 31024 0.805
28409 81400 0.805
26484 59238 0.805
26484 44113 0.805
25878 56342 0.805
25094 37532 0.805
24432 35902 0.805
23465 75445 0.805
23457 74909 0.805
23096 54663 0.805
22606 65563 0.805
21178 32355 0.805
20980 44689 0.805
20288 45291 0.805
19302 33904 0.805
16346 50055 0.805
15146 50303 0.805
14834 27089 0.805
14497 23319 0.805
14106 26877 0.805
14029 14804 0.805
12536 76429 0.805
12335 14614 0.805
11253 63668 0.805
10346 16740 0.805
10187 40331 0.805
10187 40004 0.805
6832 28386 0.805
6261 8007 0.805
5654 85580 0.805
3047 74032 0.805
2502 51000 0.805
2279 3916 0.805
2187 88571 0.805
2187 2531 0.805
1664 3873 0.805
1484 67729 0.805
1394 3999 0.805
1304 6233 0.805
1267 26437 0.805
792 40529 0.805
705 89389 0.805
701 4535 0.805
663 88649 0.805
639 1737 0.805
448 50301 0.805
270 2114 0.805
76791 87977 0.804
76158 81421 0.804
67622 72987 0.804
66471 73452 0.804
63147 84276 0.804
61525 83342 0.804
54800 72545 0.804
54168 74605 0.804
53748 66470 0.804
52681 66740 0.804
51555 64794 0.804
49683 59461 0.804
45023 47854 0.804
41653 59710 0.804
40346 68880 0.804
38607 44113 0.804
33259 73309 0.804
29447 66740 0.804
29309 52681 0.804
29298 47122 0.804
29050 37542 0.804
28434 38766 0.804
26641 26722 0.804
26600 30911 0.804
26033 81400 0.804
25789 43136 0.804
25115 53354 0.804
24432 52758 0.804
24103 32877 0.804
23593 60755 0.804
23072 71379 0.804
22679 47386 0.804
21711 26773 0.804
21385 31238 0.804
20797 82167 0.804
19629 37481 0.804
18495 20752 0.804
17621 37483 0.804
17248 76664 0.804
17132 21276 0.804
15393 31840 0.804
15105 29149 0.804
14721 14879 0.804
14706 83636 0.804
14589 49431 0.804
13846 14721 0.804
13842 14211 0.804
13661 59545 0.804
13621 14029 0.804
13535 14549 0.804
11082 24171 0.804
10187 11144 0.804
8114 54528 0.804
7524 16412 0.804
5656 57792 0.804
3999 85031 0.804
3916 4651 0.804
3873 88025 0.804
3771 55742 0.804
3673 4567 0.804
3657 38607 0.804
2767 3013 0.804
2525 5026 0.804
2159 2534 0.804
2019 67739 0.804
1319 88569 0.804
792 60182 0.804
705 63193 0.804
703 705 0.804
701 88825 0.804
611 5425 0.804
448 45333 0.804
448 35909 0.804
303 371 0.804
73987 87887 0.803
68646 79795 0.803
67622 77727 0.803
66408 80401 0.803
59545 83607 0.803
58398 58972 0.803
56261 62960 0.803
52681 70230 0.803
50301 63268 0.803
47867 83485 0.803
47831 48287 0.803
47281 63238 0.803
46750 60222 0.803
43029 55715 0.803
42240 56637 0.803
40799 50301 0.803
37277 89753 0.803
36906 55730 0.803
35050 40964 0.803
33259 57792 0.803
32355 41601 0.803
31696 43359 0.803
31080 41453 0.803
29447 40799 0.803
28311 34020 0.803
27279 59319 0.803
27081 80276 0.803
25568 72276 0.803
25304 73499 0.803
24779 64124 0.803
23785 25490 0.803
23708 49213 0.803
23260 35699 0.803
22769 70590 0.803
22123 47331 0.803
21677 57316 0.803
21625 43257 0.803
20695 44689 0.803
20401 33259 0.803
19629 23069 0.803
19605 22018 0.803
19336 64700 0.803
19293 40752 0.803
18961 47854 0.803
18455 21196 0.803
17621 43359 0.803
16948 51436 0.803
16740 55715 0.803
16740 17950 0.803
16108 34978 0.803
16033 54276 0.803
14591 14721 0.803
14371 76324 0.803
14042 43676 0.803
13846 14167 0.803
11013 51754 0.803
10487 45394 0.803
10487 29262 0.803
9961 26875 0.803
8992 38210 0.803
8335 64288 0.803
7667 26504 0.803
6858 22679 0.803
4628 45270 0.803
4507 37912 0.803
3771 31080 0.803
2904 52681 0.803
2529 3635 0.803
2148 73987 0.803
2125 2525 0.803
1990 47949 0.803
1486 2125 0.803
1224 84972 0.803
366 663 0.803
270 1481 0.803
76791 81907 0.802
72517 83675 0.802
70733 84537 0.802
70355 82214 0.802
54962 73476 0.802
52811 80041 0.802
52243 54276 0.802
52072 65701 0.802
46631 50505 0.802
46584 49431 0.802
41653 82627 0.802
41453 48183 0.802
37750 45448 0.802
37611 75826 0.802
34572 40818 0.802
34406 74032 0.802
32817 60762 0.802
32550 40227 0.802
32355 52681 0.802
32355 49875 0.802
30797 32355 0.802
30367 44522 0.802
29528 44550 0.802
29447 54014 0.802
28717 53566 0.802
28084 64752 0.802
27157 42160 0.802
27110 44964 0.802
27089 39634 0.802
26393 60573 0.802
25953 64805 0.802
25115 67116 0.802
23260 48361 0.802
22679 87977 0.802
22668 45483 0.802
22473 43249 0.802
22123 26018 0.802
21372 84146 0.802
21178 64369 0.802
20741 70890 0.802
20401 39628 0.802
19713 28205 0.802
19605 47867 0.802
19126 33165 0.802
18961 22492 0.802
18961 20752 0.802
17621 33757 0.802
17334 25972 0.802
16354 32585 0.802
15857 16628 0.802
15648 52442 0.802
15458 73476 0.802
14082 14804 0.802
13902 14879 0.802
13846 14029 0.802
13586 14030 0.802
13535 14614 0.802
13339 84551 0.802
13149 23593 0.802
12658 45270 0.802
12616 13664 0.802
12002 21625 0.802
11850 13846 0.802
11013 40799 0.802
10906 16734 0.802
10487 48822 0.802
9119 42506 0.802
8917 16622 0.802
8114 25154 0.802
6738 15648 0.802
6719 9615 0.802
4507 74873 0.802
4062 5054 0.802
2518 5152 0.802
1353 53975 0.802
1224 5060 0.802
701 84851 0.802
448 67831 0.802
88803 89045 0.801
77502 85201 0.801
70355 80236 0.801
67105 79159 0.801
60690 82922 0.801
60602 83871 0.801
60573 72348 0.801
59597 73309 0.801
58463 66441 0.801
57792 64805 0.801
56268 65530 0.801
54754 63147 0.801
53354 67116 0.801
52898 82893 0.801
52681 84537 0.801
52681 70733 0.801
51683 56319 0.801
50055 55138 0.801
48896 60391 0.801
48183 50303 0.801
48183 50301 0.801
48014 51708 0.801
46717 88836 0.801
45333 53360 0.801
42506 54276 0.801
41601 64369 0.801
40895 41340 0.801
40751 54663 0.801
38766 83485 0.801
36672 59597 0.801
35699 44232 0.801
35517 62948 0.801
34220 89385 0.801
33333 89191 0.801
33165 36419 0.801
31696 33782 0.801
31024 67986 0.801
30842 88029 0.801
28799 64369 0.801
28311 42240 0.801
27081 43223 0.801
26925 73426 0.801
26643 47122 0.801
25839 26925 0.801
24741 27292 0.801
23600 33782 0.801
23593 46443 0.801
22492 63268 0.801
21385 31589 0.801
20695 29262 0.801
20195 60232 0.801
18961 67831 0.801
18961 28799 0.801
18495 54014 0.801
18279 18455 0.801
17956 36579 0.801
17621 80813 0.801
17621 51536 0.801
16354 30367 0.801
15959 36404 0.801
11991 47719 0.801
11234 38915 0.801
10849 41340 0.801
9506 53135 0.801
8960 26875 0.801
6719 9119 0.801
6461 10947 0.801
5664 86020 0.801
5656 73426 0.801
5386 74822 0.801
5060 5457 0.801
4628 41867 0.801
4507 60222 0.801
3771 28311 0.801
2746 47867 0.801
2573 5276 0.801
2237 35438 0.801
2213 67739 0.801
2106 2161 0.801
1319 3873 0.801
891 26130 0.801
792 38766 0.801
705 84851 0.801
366 1319 0.801
83485 83675 0.800
73254 77771 0.800
67105 81716 0.800
62921 65344 0.800
60306 81257 0.800
60222 74873 0.800
60222 60968 0.800
54014 69358 0.800
54014 66740 0.800
52809 65731 0.800
51574 77516 0.800
43223 83607 0.800
41872 83871 0.800
39014 68796 0.800
37277 41901 0.800
35977 36404 0.800
29249 59545 0.800
27493 54276 0.800
25490 51521 0.800
24779 49683 0.800
23600 86443 0.800
22956 65526 0.800
21988 54078 0.800
21540 68478 0.800
21115 22239 0.800
19293 34572 0.800
18717 33971 0.800
15972 69866 0.800
14694 33904 0.800
14029 14829 0.800
13556 26926 0.800
13535 14879 0.800
11569 41217 0.800
8253 68805 0.800
8114 12992 0.800
8056 14614 0.800
6858 52681 0.800
6858 28311 0.800
5457 84851 0.800
5026 84194 0.800
4754 80447 0.800
3771 20741 0.800
1990 65701 0.800
1194 5054 0.800
827 63193 0.800
